	1  0.122779  
	2  21.958804 
	3  28.671710 
	4  31.930838 
	5  33.951139 
	6  35.514990 
	7  37.182425 
	8  38.643224 
	9  39.955700 
	10 40.672038 
	11 41.521165 
	12 41.453180 
	13 43.969747 
	14 46.262160 
	15 46.823665 
	16 47.168167 
	17 47.250169 
	18 47.274816 
	19 47.356823 
	20 47.505241 
	21 47.490897 
	22 47.524236 
	23 47.434378 
	24 45.729155 
	25 45.432867 
	26 45.536473 
	27 45.554981 
	28 45.189602 
	29 45.366148 
	30 45.759912 
	31 45.503728 
	32 45.932529 
	33 46.011698 
	34 46.304419 
	35 46.439032 
	36 46.832165 
	37 47.369243 
	38 47.900558 
	39 48.176850 
	40 48.114505 
	41 46.888322 
	42 47.645579 
	43 48.439805 
	44 48.276270 
	45 47.013316 
	46 48.244683 
	47 47.556759 
	48 46.958588 
	49 47.130283 
	50 45.687272 
