	1  625  29375
	2  1250 28750
	3  1875 28125
	4  2500 27500
	5  3125 26875
	6  3750 26250
	7  4368 25632
	8  4986 25014
	9  5603 24397
	10 6209 23791
	11 6774 23225
	12 7370 22630
	13 7901 22098
	14 8459 21541
	15 8997 21002
	16 9489 20511
	17 9965 20035
	18 10474 19526
	19 10911 19088
	20 11381 18619
	21 11835 18165
	22 12200 17799
	23 12605 17394
	24 12925 17075
	25 13341 16658
	26 13682 16317
	27 14078 15921
	28 14303 15696
	29 14658 15341
	30 15002 14997
	31 15249 14750
	32 15536 14464
	33 15762 14237
	34 16005 13995
	35 16338 13661
	36 16487 13512
	37 16794 13205
	38 16963 13036
	39 17183 12816
	40 17444 12556
	41 17704 12295
	42 17893 12107
	43 18033 11966
	44 18246 11753
	45 18457 11542
	46 18593 11406
	47 18765 11234
	48 18829 11171
	49 19096 10903
	50 19200 10799
